1,5,240.88217163085938,51.366085052490234,322.4490051269531,971.4362182617188,1,-1,-1,-1,Walking
2,5,220.06680429569795,44.77003211029307,327.03218054777636,984.9179334404055,1,-1,-1,-1,Walking
3,5,204.87159021211846,41.89284122744118,329.2829334197262,990.7308353316139,1,-1,-1,-1,Walking
4,5,180.01198404939774,40.23336544459818,338.12450139533047,1014.8312195776017,1,-1,-1,-1,Walking
5,5,154.41230473430358,26.65687958761282,346.2120701880857,1038.4733386019113,1,-1,-1,-1,Walking
6,5,135.26427485077562,17.097387506982614,351.5321219880807,1054.9279458052176,1,-1,-1,-1,Walking
7,5,102.40797534123018,1.308334269253919,357.8478228567665,1076.0719712899318,1,-1,-1,-1,Walking
8,5,69.88100054423978,-19.55437752373848,363.70341842525795,1095.1141674320265,1,-1,-1,-1,Walking
9,5,49.68239608175213,-30.990251696282144,364.59508629703674,1099.881048613862,1,-1,-1,-1,Walking
10,5,23.103858802120442,-30.970739034350004,366.69424823362004,1102.6144045386907,1,-1,-1,-1,Walking
11,5,-3.730291764824841,-15.943791918430065,365.2752190796045,1092.6566466937795,1,-1,-1,-1,Walking
12,5,-13.871008674409808,-14.932704812677912,366.42022366413704,1089.1528232894827,1,-1,-1,-1,Walking
13,5,-26.34603069697644,-12.0969047865716,366.94789566389403,1092.0311248366802,1,-1,-1,-1,Walking
14,5,-61.28449610628017,-28.956606888290366,372.93345416668956,1109.8437963463589,1,-1,-1,-1,Walking
1,2,1359.5914306640625,203.39639282226562,246.05773925781247,695.5970458984375,1,-1,-1,-1,Walking
2,2,1359.0106790573718,202.04039846372996,246.72317797771507,697.8008942407025,1,-1,-1,-1,Walking
3,2,1359.1230881836123,202.43909948602487,246.24001000105523,696.685102519889,1,-1,-1,-1,Walking
4,2,1354.2060176607133,202.77896702801792,245.74733988043138,695.9523531755177,1,-1,-1,-1,Walking
5,2,1353.6835624110463,205.40828352282614,243.54985312423992,690.6639759826304,1,-1,-1,-1,Walking
6,2,1354.2507767440256,208.2511406910449,241.5320315183917,685.5224373160498,1,-1,-1,-1,Walking
7,2,1354.1766668292266,208.28235109008182,241.62763586997303,685.8111114080469,1,-1,-1,-1,Walking
8,2,1354.3735240828887,208.73414577455816,241.14935954980012,684.8643550636028,1,-1,-1,-1,Walking
9,2,1355.172453208826,210.33102422955182,239.89257099017547,682.0260606631444,1,-1,-1,-1,Walking
10,2,1354.32172295342,207.86978802916803,241.3528966832756,686.2624871030753,1,-1,-1,-1,Walking
11,2,1353.5940544144837,205.8980949108378,242.91774494443408,689.7308519586086,1,-1,-1,-1,Walking
12,2,1352.8186736543441,203.63022800936056,244.49177863791402,693.4944368617829,1,-1,-1,-1,Walking
13,2,1347.7780566698038,202.9706182532097,245.30168940324134,694.294984957247,1,-1,-1,-1,Walking
14,2,1345.3852632990966,202.31822327810318,246.79374070098743,696.9770342984579,1,-1,-1,-1,Walking
15,2,1344.0956901010213,201.9369242425451,248.20152030466642,698.1050236274262,1,-1,-1,-1,Walking
16,2,1342.6473096575207,200.26826720668697,250.42046654391066,701.5210906732133,1,-1,-1,-1,Walking
17,2,1338.2271314617494,201.0225540365238,250.84364922107292,699.944755807969,1,-1,-1,-1,Walking
18,2,1339.770784504494,200.17881220457986,252.70473670130335,701.7409919009007,1,-1,-1,-1,Walking
19,2,1336.4728683373496,201.23585061645588,252.9367842866452,699.9656908789518,1,-1,-1,-1,Walking
20,2,1335.147370515589,201.91652218581754,253.45240309940846,698.5491989445017,1,-1,-1,-1,Walking
21,2,1334.2855173414428,201.7773763939589,254.33120424799358,698.7296295515841,1,-1,-1,-1,Walking
22,2,1334.0566341973292,202.00406631997333,254.5838630365139,698.3723933101095,1,-1,-1,-1,Walking
23,2,1333.730665980026,202.21358258868736,255.10399482401908,698.345015129669,1,-1,-1,-1,Walking
24,2,1333.6358581578088,202.030182125775,255.5005259945553,698.6328065161451,1,-1,-1,-1,Walking
25,2,1333.4872371154452,201.5787583219152,255.89849250148063,699.1972058192919,1,-1,-1,-1,Walking
26,2,1333.1996309396416,201.29657541676863,256.4141986911009,699.9840285662372,1,-1,-1,-1,Walking
27,2,1333.1631517857006,201.51032381189384,256.49086900725746,699.573165273709,1,-1,-1,-1,Walking
28,2,1333.18376373226,201.14361317809102,256.3916832808295,699.7660936224191,1,-1,-1,-1,Walking
29,2,1332.9165924262925,200.02048963467246,256.8641231373935,701.606933405596,1,-1,-1,-1,Walking
30,2,1333.1542147177647,199.84812562481886,256.4729162699064,701.4704597681623,1,-1,-1,-1,Walking
31,2,1333.2046750036652,199.5227643172887,256.1699298468464,702.4540700168446,1,-1,-1,-1,Walking
32,2,1333.5176221230156,199.8338658294307,255.34253880889915,702.0284872946324,1,-1,-1,-1,Walking
33,2,1333.430806099784,199.0400921416964,255.34543964776213,703.5876543670331,1,-1,-1,-1,Walking
34,2,1333.4310374491572,198.15676671284365,255.29772360844427,705.2413060373195,1,-1,-1,-1,Walking
35,2,1333.6997338944075,197.7398283032228,254.93195102608018,706.1792803571202,1,-1,-1,-1,Walking
36,2,1333.9596824440787,197.09385743264437,254.5025470238737,707.1487129929354,1,-1,-1,-1,Walking
37,2,1334.7597719065886,197.6563560758051,252.92606534193655,706.0880835774506,1,-1,-1,-1,Walking
38,2,1335.8836846770619,198.86198753141008,250.69494090104968,703.7112307304823,1,-1,-1,-1,Walking
39,2,1337.1468011719585,200.2855979032936,248.2068852576522,700.6680602652802,1,-1,-1,-1,Walking
40,2,1342.184351672829,200.07631764321252,247.04520805397004,701.4250573376501,1,-1,-1,-1,Walking
41,2,1344.4088772302373,199.07866962363443,246.33391294367615,704.2257239035649,1,-1,-1,-1,Walking
42,2,1345.8064173170897,199.15307121661533,244.80808280641884,704.3304036415154,1,-1,-1,-1,Walking
43,2,1347.045947184673,199.48664003472408,243.0832508143537,703.7331440272377,1,-1,-1,-1,Walking
44,2,1347.3074239522969,198.28136751246728,242.78269610030097,705.861121505722,1,-1,-1,-1,Walking
45,2,1347.937389142115,198.94297050216164,241.5042050774015,704.4411912467281,1,-1,-1,-1,Walking
46,2,1348.4105015708276,199.62128232866462,240.34873785157941,703.2546471565397,1,-1,-1,-1,Walking
47,2,1348.5429409312655,199.8199718004459,239.6082132552991,702.9214679845135,1,-1,-1,-1,Walking
48,2,1348.692011090027,200.11571666109143,238.88689330128497,702.4958840686596,1,-1,-1,-1,Walking
49,2,1349.4389112082063,201.58588255634794,237.88446980792196,699.3219884851702,1,-1,-1,-1,Walking
50,2,1350.854766402669,205.93219927329898,235.28914899268293,690.7345443543055,1,-1,-1,-1,Walking
51,2,1356.0066808365,207.19389541354303,234.37871174165295,687.7277515144988,1,-1,-1,-1,Walking
52,2,1357.6382176107516,206.35095349264907,235.3004089963394,689.0230804076264,1,-1,-1,-1,Walking
53,2,1361.98178754774,205.12029531274578,236.73248320607428,690.6670544194441,1,-1,-1,-1,Walking
54,2,1363.6710850588474,205.8127377641389,237.36374573410262,688.9659797924373,1,-1,-1,-1,Walking
55,2,1368.1255759076014,204.96876632657018,239.70345167524317,691.0305605232393,1,-1,-1,-1,Walking
56,2,1374.1733983007573,205.9740763292478,241.41734078410698,689.8573599363027,1,-1,-1,-1,Walking
57,2,1380.215233451386,206.84598785213416,243.84441749386167,688.843619014749,1,-1,-1,-1,Walking
58,2,1386.5847318790325,208.02125542896175,244.8999845071633,687.088364399597,1,-1,-1,-1,Walking
59,2,1393.1718144025588,209.90560399405365,246.0545830942002,683.7375444603244,1,-1,-1,-1,Walking
60,2,1395.059144259383,210.61515749510085,247.4072075593112,682.2152109624561,1,-1,-1,-1,Walking
61,2,1400.1652173560444,215.22542980526237,247.9787743788065,680.9314002826736,1,-1,-1,-1,Walking
62,2,1410.8461069354275,217.05931771301488,249.77191003974286,680.1559355171486,1,-1,-1,-1,Walking
63,2,1414.4482587307227,217.67228345489787,250.70766965620766,680.2514054360233,1,-1,-1,-1,Walking
64,2,1437.680752616158,226.80492968743607,244.97681266456422,662.6219160146389,1,-1,-1,-1,Walking
65,2,1454.89646193833,232.10527268191544,244.05278344737712,660.9876244378764,1,-1,-1,-1,Walking
66,2,1466.9394527211794,235.48723205073918,241.37929671558896,657.2381910633226,1,-1,-1,-1,Walking
67,2,1481.6347261994208,238.52437658882855,238.42167437646734,653.1482960340493,1,-1,-1,-1,Walking
68,2,1495.8233388354668,241.31323748690096,238.11189296738092,656.977478947818,1,-1,-1,-1,Walking
69,2,1507.8067232678736,243.86965406483472,233.19644377084165,646.6796585923333,1,-1,-1,-1,Walking
70,2,1517.2245949347202,246.77825147205454,230.5842194409103,638.0686913367792,1,-1,-1,-1,Walking
71,2,1544.906158611535,252.44312223970803,227.56077340349776,626.234770150719,1,-1,-1,-1,Walking
72,2,1563.787540653503,254.0332208427339,227.61631858345294,622.4115650377943,1,-1,-1,-1,Walking
73,2,1572.6035525244365,249.64554248763142,232.53676750976598,631.6496282782331,1,-1,-1,-1,Walking
74,2,1579.9820893167202,248.06105790649957,234.90534068448073,635.1920096663154,1,-1,-1,-1,Walking
75,2,1613.627267480427,254.26900298923977,229.67161289852453,631.2423845802944,1,-1,-1,-1,Walking
76,2,1636.6894399857342,254.55111427894695,224.6689467062691,625.1829656805024,1,-1,-1,-1,Walking
77,2,1656.4759300519959,257.1258174002085,218.17030668979768,617.8862740517349,1,-1,-1,-1,Walking
78,2,1669.3785672477463,260.9227399406708,213.75683111367252,618.4129585928094,1,-1,-1,-1,Walking
79,2,1691.8229797504357,263.0367518854166,203.29701646626881,598.7622385682112,1,-1,-1,-1,Walking
80,2,1704.2913341045887,266.43125489632905,198.96043041385434,595.5218779391141,1,-1,-1,-1,Walking
81,2,1718.302283539071,270.25343328267763,196.83427121437188,598.2182767680931,1,-1,-1,-1,Walking
82,2,1727.047492664274,272.5952294335235,198.0095976515519,607.2626712150336,1,-1,-1,-1,Walking
83,2,1732.363081871604,275.7484362293968,202.0582291440492,624.4681172833405,1,-1,-1,-1,Walking
84,2,1748.2340062455062,276.8695063048119,193.68143579290188,603.5372621912254,1,-1,-1,-1,Walking
85,2,1754.3962896951832,277.3462642233316,189.19360006584688,594.5076934177392,1,-1,-1,-1,Walking
1,2,1359.5914306640625,203.39639282226562,246.05773925781247,695.5970458984375,1,-1,-1,-1,Walking
2,2,1359.0106790573718,202.04039846372996,246.72317797771507,697.8008942407025,1,-1,-1,-1,Walking
3,2,1359.1230881836123,202.43909948602487,246.24001000105523,696.685102519889,1,-1,-1,-1,Walking
4,2,1354.2060176607133,202.77896702801792,245.74733988043138,695.9523531755177,1,-1,-1,-1,Walking
5,2,1353.6835624110463,205.40828352282614,243.54985312423992,690.6639759826304,1,-1,-1,-1,Walking
6,2,1354.2507767440256,208.2511406910449,241.5320315183917,685.5224373160498,1,-1,-1,-1,Walking
7,2,1354.1766668292266,208.28235109008182,241.62763586997303,685.8111114080469,1,-1,-1,-1,Walking
8,2,1354.3735240828887,208.73414577455816,241.14935954980012,684.8643550636028,1,-1,-1,-1,Walking
9,2,1355.172453208826,210.33102422955182,239.89257099017547,682.0260606631444,1,-1,-1,-1,Walking
10,2,1354.32172295342,207.86978802916803,241.3528966832756,686.2624871030753,1,-1,-1,-1,Walking
11,2,1353.5940544144837,205.8980949108378,242.91774494443408,689.7308519586086,1,-1,-1,-1,Walking
12,2,1352.8186736543441,203.63022800936056,244.49177863791402,693.4944368617829,1,-1,-1,-1,Walking
13,2,1347.7780566698038,202.9706182532097,245.30168940324134,694.294984957247,1,-1,-1,-1,Walking
14,2,1345.3852632990966,202.31822327810318,246.79374070098743,696.9770342984579,1,-1,-1,-1,Walking
15,2,1344.0956901010213,201.9369242425451,248.20152030466642,698.1050236274262,1,-1,-1,-1,Walking
16,2,1342.6473096575207,200.26826720668697,250.42046654391066,701.5210906732133,1,-1,-1,-1,Walking
17,2,1338.2271314617494,201.0225540365238,250.84364922107292,699.944755807969,1,-1,-1,-1,Walking
18,2,1339.770784504494,200.17881220457986,252.70473670130335,701.7409919009007,1,-1,-1,-1,Walking
19,2,1336.4728683373496,201.23585061645588,252.9367842866452,699.9656908789518,1,-1,-1,-1,Walking
20,2,1335.147370515589,201.91652218581754,253.45240309940846,698.5491989445017,1,-1,-1,-1,Walking
21,2,1334.2855173414428,201.7773763939589,254.33120424799358,698.7296295515841,1,-1,-1,-1,Walking
22,2,1334.0566341973292,202.00406631997333,254.5838630365139,698.3723933101095,1,-1,-1,-1,Walking
23,2,1333.730665980026,202.21358258868736,255.10399482401908,698.345015129669,1,-1,-1,-1,Walking
24,2,1333.6358581578088,202.030182125775,255.5005259945553,698.6328065161451,1,-1,-1,-1,Walking
25,2,1333.4872371154452,201.5787583219152,255.89849250148063,699.1972058192919,1,-1,-1,-1,Walking
26,2,1333.1996309396416,201.29657541676863,256.4141986911009,699.9840285662372,1,-1,-1,-1,Walking
27,2,1333.1631517857006,201.51032381189384,256.49086900725746,699.573165273709,1,-1,-1,-1,Walking
28,2,1333.18376373226,201.14361317809102,256.3916832808295,699.7660936224191,1,-1,-1,-1,Walking
29,2,1332.9165924262925,200.02048963467246,256.8641231373935,701.606933405596,1,-1,-1,-1,Walking
30,2,1333.1542147177647,199.84812562481886,256.4729162699064,701.4704597681623,1,-1,-1,-1,Walking
31,2,1333.2046750036652,199.5227643172887,256.1699298468464,702.4540700168446,1,-1,-1,-1,Walking
32,2,1333.5176221230156,199.8338658294307,255.34253880889915,702.0284872946324,1,-1,-1,-1,Walking
33,2,1333.430806099784,199.0400921416964,255.34543964776213,703.5876543670331,1,-1,-1,-1,Walking
34,2,1333.4310374491572,198.15676671284365,255.29772360844427,705.2413060373195,1,-1,-1,-1,Walking
35,2,1333.6997338944075,197.7398283032228,254.93195102608018,706.1792803571202,1,-1,-1,-1,Walking
36,2,1333.9596824440787,197.09385743264437,254.5025470238737,707.1487129929354,1,-1,-1,-1,Walking
37,2,1334.7597719065886,197.6563560758051,252.92606534193655,706.0880835774506,1,-1,-1,-1,Walking
38,2,1335.8836846770619,198.86198753141008,250.69494090104968,703.7112307304823,1,-1,-1,-1,Walking
39,2,1337.1468011719585,200.2855979032936,248.2068852576522,700.6680602652802,1,-1,-1,-1,Walking
40,2,1342.184351672829,200.07631764321252,247.04520805397004,701.4250573376501,1,-1,-1,-1,Walking
41,2,1344.4088772302373,199.07866962363443,246.33391294367615,704.2257239035649,1,-1,-1,-1,Walking
42,2,1345.8064173170897,199.15307121661533,244.80808280641884,704.3304036415154,1,-1,-1,-1,Walking
43,2,1347.045947184673,199.48664003472408,243.0832508143537,703.7331440272377,1,-1,-1,-1,Walking
44,2,1347.3074239522969,198.28136751246728,242.78269610030097,705.861121505722,1,-1,-1,-1,Walking
45,2,1347.937389142115,198.94297050216164,241.5042050774015,704.4411912467281,1,-1,-1,-1,Walking
46,2,1348.4105015708276,199.62128232866462,240.34873785157941,703.2546471565397,1,-1,-1,-1,Walking
47,2,1348.5429409312655,199.8199718004459,239.6082132552991,702.9214679845135,1,-1,-1,-1,Walking
48,2,1348.692011090027,200.11571666109143,238.88689330128497,702.4958840686596,1,-1,-1,-1,Walking
49,2,1349.4389112082063,201.58588255634794,237.88446980792196,699.3219884851702,1,-1,-1,-1,Walking
50,2,1350.854766402669,205.93219927329898,235.28914899268293,690.7345443543055,1,-1,-1,-1,Walking
51,2,1356.0066808365,207.19389541354303,234.37871174165295,687.7277515144988,1,-1,-1,-1,Walking
52,2,1357.6382176107516,206.35095349264907,235.3004089963394,689.0230804076264,1,-1,-1,-1,Walking
53,2,1361.98178754774,205.12029531274578,236.73248320607428,690.6670544194441,1,-1,-1,-1,Walking
54,2,1363.6710850588474,205.8127377641389,237.36374573410262,688.9659797924373,1,-1,-1,-1,Walking
55,2,1368.1255759076014,204.96876632657018,239.70345167524317,691.0305605232393,1,-1,-1,-1,Walking
56,2,1374.1733983007573,205.9740763292478,241.41734078410698,689.8573599363027,1,-1,-1,-1,Walking
57,2,1380.215233451386,206.84598785213416,243.84441749386167,688.843619014749,1,-1,-1,-1,Walking
58,2,1386.5847318790325,208.02125542896175,244.8999845071633,687.088364399597,1,-1,-1,-1,Walking
59,2,1393.1718144025588,209.90560399405365,246.0545830942002,683.7375444603244,1,-1,-1,-1,Walking
60,2,1395.059144259383,210.61515749510085,247.4072075593112,682.2152109624561,1,-1,-1,-1,Walking
61,2,1400.1652173560444,215.22542980526237,247.9787743788065,680.9314002826736,1,-1,-1,-1,Walking
62,2,1410.8461069354275,217.05931771301488,249.77191003974286,680.1559355171486,1,-1,-1,-1,Walking
63,2,1414.4482587307227,217.67228345489787,250.70766965620766,680.2514054360233,1,-1,-1,-1,Walking
64,2,1437.680752616158,226.80492968743607,244.97681266456422,662.6219160146389,1,-1,-1,-1,Walking
65,2,1454.89646193833,232.10527268191544,244.05278344737712,660.9876244378764,1,-1,-1,-1,Walking
66,2,1466.9394527211794,235.48723205073918,241.37929671558896,657.2381910633226,1,-1,-1,-1,Walking
67,2,1481.6347261994208,238.52437658882855,238.42167437646734,653.1482960340493,1,-1,-1,-1,Walking
68,2,1495.8233388354668,241.31323748690096,238.11189296738092,656.977478947818,1,-1,-1,-1,Walking
69,2,1507.8067232678736,243.86965406483472,233.19644377084165,646.6796585923333,1,-1,-1,-1,Walking
70,2,1517.2245949347202,246.77825147205454,230.5842194409103,638.0686913367792,1,-1,-1,-1,Walking
71,2,1544.906158611535,252.44312223970803,227.56077340349776,626.234770150719,1,-1,-1,-1,Walking
72,2,1563.787540653503,254.0332208427339,227.61631858345294,622.4115650377943,1,-1,-1,-1,Walking
73,2,1572.6035525244365,249.64554248763142,232.53676750976598,631.6496282782331,1,-1,-1,-1,Walking
74,2,1579.9820893167202,248.06105790649957,234.90534068448073,635.1920096663154,1,-1,-1,-1,Walking
75,2,1613.627267480427,254.26900298923977,229.67161289852453,631.2423845802944,1,-1,-1,-1,Walking
76,2,1636.6894399857342,254.55111427894695,224.6689467062691,625.1829656805024,1,-1,-1,-1,Walking
77,2,1656.4759300519959,257.1258174002085,218.17030668979768,617.8862740517349,1,-1,-1,-1,Walking
78,2,1669.3785672477463,260.9227399406708,213.75683111367252,618.4129585928094,1,-1,-1,-1,Walking
79,2,1691.8229797504357,263.0367518854166,203.29701646626881,598.7622385682112,1,-1,-1,-1,Walking
80,2,1704.2913341045887,266.43125489632905,198.96043041385434,595.5218779391141,1,-1,-1,-1,Walking
81,2,1718.302283539071,270.25343328267763,196.83427121437188,598.2182767680931,1,-1,-1,-1,Walking
82,2,1727.047492664274,272.5952294335235,198.0095976515519,607.2626712150336,1,-1,-1,-1,Walking
83,2,1732.363081871604,275.7484362293968,202.0582291440492,624.4681172833405,1,-1,-1,-1,Walking
84,2,1748.2340062455062,276.8695063048119,193.68143579290188,603.5372621912254,1,-1,-1,-1,Walking
85,2,1754.3962896951832,277.3462642233316,189.19360006584688,594.5076934177392,1,-1,-1,-1,Walking
1,6,1176.375244140625,328.4081726074219,114.2762451171875,262.4105529785156,1,-1,-1,-1,Walking
2,6,1171.0056514779712,329.14869425119446,113.35288322852304,260.39565510395147,1,-1,-1,-1,Walking
3,6,1169.2864797919021,328.4222556727708,113.7233546127867,261.2659750688517,1,-1,-1,-1,Walking
4,6,1162.3022442771241,325.2024430621967,115.92745617666593,266.495107406277,1,-1,-1,-1,Walking
5,6,1155.112509960199,322.963930127857,117.77707592032753,271.050182391303,1,-1,-1,-1,Walking
6,6,1152.0604752292404,321.00252074700484,119.6496028204107,275.679987067984,1,-1,-1,-1,Walking
7,6,1147.1227855564914,320.8776296919759,118.60354250857183,274.30135927028607,1,-1,-1,-1,Walking
8,6,1145.3311593083877,320.530185765187,117.57790098674147,273.2357051812568,1,-1,-1,-1,Walking
9,6,1141.449005156002,318.9886608790371,115.56317828021348,269.69493218274476,1,-1,-1,-1,Walking
20,6,1232.549443483451,334.5545695276804,110.19738642649604,260.9708254177857,1,-1,-1,-1,Walking
22,6,1229.888540430313,329.89993396462495,113.50300630264623,272.0461910843678,1,-1,-1,-1,Walking
23,6,1228.9500894289254,328.52784350241694,112.89920048468898,274.5893787317473,1,-1,-1,-1,Walking
24,6,1223.1624641786398,327.6682050466378,115.13632388711227,283.74225369288007,1,-1,-1,-1,Walking
25,6,1222.5688016749218,327.21584628721826,111.90735514135666,279.6612046824278,1,-1,-1,-1,Walking
26,6,1217.7253979562809,326.13952430165716,110.99335532800887,280.33862200830225,1,-1,-1,-1,Walking
27,6,1216.150003580334,325.9338008489083,109.64922741289969,279.81549472633793,1,-1,-1,-1,Walking
28,6,1215.44305378706,323.95251801811696,109.33115434222256,282.81711049818426,1,-1,-1,-1,Walking
29,6,1210.7501862649074,324.2693260747384,108.88456717178337,282.7931433796594,1,-1,-1,-1,Walking
30,6,1203.2755854092165,322.5457161517086,110.58492762453434,287.0645383959104,1,-1,-1,-1,Walking
31,6,1194.389088831375,317.7587868709645,114.17502523678502,297.0199274658403,1,-1,-1,-1,Walking
32,6,1191.0972714565357,315.96969241757216,115.2623335018325,300.3844474877485,1,-1,-1,-1,Walking
33,6,1192.2568594689178,315.74603444013457,111.0143521318003,290.07899022094716,1,-1,-1,-1,Walking
43,6,1125.1056620845252,304.9285503137069,121.32923402602803,319.56282027493035,1,-1,-1,-1,Walking
44,6,1118.0928340718258,301.26473480189526,120.47309620090344,320.2442189427694,1,-1,-1,-1,Walking
45,6,1115.9050259353708,303.0236682870294,119.94573519258273,320.5895451439782,1,-1,-1,-1,Walking
46,6,1113.2494720018922,297.08849297235736,122.10169312144089,327.01590478622705,1,-1,-1,-1,Walking
47,6,1108.6592140848998,299.1205349722413,121.76965077695051,327.72759298585515,1,-1,-1,-1,Walking
48,6,1106.6762110736213,300.1078406950649,121.41643949793509,328.47698586837544,1,-1,-1,-1,Walking
49,6,1096.3799595928037,297.5980634065023,124.19889817753894,334.7071283949242,1,-1,-1,-1,Walking
50,6,1091.497232004795,297.6780969536585,125.40406314353073,336.6570820156459,1,-1,-1,-1,Walking
51,6,1085.4883496813518,297.44395586873134,126.49117894084804,338.10293472397126,1,-1,-1,-1,Walking
52,6,1078.480282876591,295.70511408951756,127.96822837983905,341.7080502408715,1,-1,-1,-1,Walking
53,6,1070.817670448765,292.94238008927243,129.60633277579194,346.94247617412634,1,-1,-1,-1,Walking
54,6,1068.086562669868,292.1862662316139,129.59439132848985,347.60644765939736,1,-1,-1,-1,Walking
55,6,1062.4220713283346,290.6608477610755,129.5443593590273,348.81518348788074,1,-1,-1,-1,Walking
56,6,1050.855587583293,288.5152558123825,130.86424722495366,351.94491619604696,1,-1,-1,-1,Walking
57,6,1041.524404145071,283.78168661809514,132.37999615819498,354.71766922170985,1,-1,-1,-1,Walking
58,6,1032.8426445332466,281.4956600624695,133.74782951839276,356.3008657941186,1,-1,-1,-1,Walking
59,6,1024.5979007631854,281.67368389609805,134.5789151666254,354.77890713163964,1,-1,-1,-1,Walking
60,6,1016.5794856419587,280.84416791961235,136.1749335453185,355.0419851139074,1,-1,-1,-1,Walking
61,6,1009.0482746808059,280.7337601807793,136.99655659507198,354.5904684044736,1,-1,-1,-1,Walking
62,6,1006.1433422310274,280.1052022652417,137.257983798247,354.24706743298174,1,-1,-1,-1,Walking
63,6,1000.4170764488688,278.6502707893838,138.55217838098625,356.70163935357095,1,-1,-1,-1,Walking
64,6,995.208612895239,276.0637293061559,136.68410367334403,354.2052263693338,1,-1,-1,-1,Walking
65,6,983.4589783455979,275.1052405402179,137.5142513496479,361.2696080789367,1,-1,-1,-1,Walking
78,6,841.2508642030582,263.95209133741423,146.63112537483158,374.7836318745172,1,-1,-1,-1,Walking
79,6,834.643096476555,257.56680537719257,152.54137839433486,386.2633375915208,1,-1,-1,-1,Walking
80,6,832.072066057971,256.063047266377,154.7236339437906,388.8830827251663,1,-1,-1,-1,Walking
81,6,831.5314824044342,255.26451586808335,155.80302253741104,389.96746974141075,1,-1,-1,-1,Walking
82,6,826.699615062269,254.3322672316824,156.63954002011846,391.55154209189857,1,-1,-1,-1,Walking
83,6,821.183652010087,250.0313243893928,155.7035433383082,391.81713535450615,1,-1,-1,-1,Walking
84,6,813.1432279775564,247.37328854431786,158.51793012241507,402.8252006836817,1,-1,-1,-1,Walking
85,6,801.2918018868728,241.49478289553784,158.78573135728885,408.0386463666371,1,-1,-1,-1,Walking
90,6,733.3267825686694,246.06469200145028,154.05863845936452,394.56038061636866,1,-1,-1,-1,Walking
91,6,721.6395278780383,244.24290063766418,156.8140782970789,399.30200506710247,1,-1,-1,-1,Walking
92,6,715.6722803428418,242.84015952923687,161.51286626599597,410.3081108905061,1,-1,-1,-1,Walking
93,6,713.1761765743852,238.54859681514907,164.14121396942352,415.0732800996014,1,-1,-1,-1,Walking
94,6,706.3904062379529,233.57382653995322,168.30404665295703,423.6391635512078,1,-1,-1,-1,Walking
95,6,699.7748668943428,231.0442218838495,169.99750779444892,427.2087060282381,1,-1,-1,-1,Walking
96,6,696.3895375528306,227.37644402718905,172.36005571993056,434.2452754196041,1,-1,-1,-1,Walking
97,6,685.9624294305063,225.02994930185258,174.2453397989446,438.3480768829079,1,-1,-1,-1,Walking
98,6,675.4392899324957,221.16479366614294,178.42227821447827,445.8627248280536,1,-1,-1,-1,Walking
99,6,662.3627773951745,223.42116143908405,181.05018574373167,448.9902618384546,1,-1,-1,-1,Walking
100,6,656.9164250249996,220.38904552970237,182.55800028479962,451.6188238833509,1,-1,-1,-1,Walking
101,6,650.1812815141344,221.87705971756466,184.17880979994305,454.128126236641,1,-1,-1,-1,Walking
102,6,638.5292280725263,222.53186614146153,185.02487055837153,454.7388322384986,1,-1,-1,-1,Walking
103,6,628.9328063489611,217.83910590575215,186.27688170053426,457.5978245445857,1,-1,-1,-1,Walking
104,6,621.393289630247,216.14171578021157,186.48775214446266,457.79381322288856,1,-1,-1,-1,Walking
105,6,608.1636724502742,212.12035854130963,189.453035606589,463.8628732354916,1,-1,-1,-1,Walking
106,6,598.8434632528114,209.8474806656348,190.06593521483313,467.6263417137102,1,-1,-1,-1,Walking
107,6,591.0313479790411,208.16438799549434,190.49345479415683,471.1222885386686,1,-1,-1,-1,Walking
108,6,585.1278874521053,210.3692626571034,187.37102386427253,467.47821959453375,1,-1,-1,-1,Walking
109,6,573.381841814156,209.6472117968574,187.25875515888123,469.9372852447294,1,-1,-1,-1,Walking
110,6,564.7339543650737,209.41555100557767,186.87186476575488,471.20532635322564,1,-1,-1,-1,Walking
111,6,552.7636234354991,208.88320948348732,186.63595486400183,472.1339704896773,1,-1,-1,-1,Walking
112,6,544.1877366925394,212.92505841498888,185.31532051581877,471.43073908746214,1,-1,-1,-1,Walking
113,6,536.8033777325054,212.68874822953308,185.15146517009342,474.4380773941972,1,-1,-1,-1,Walking
114,6,523.7547753389078,206.26267367624664,187.15200896639794,480.90676032572907,1,-1,-1,-1,Walking
115,6,510.1816064493329,202.57384076099498,187.35685176318137,484.6326906609937,1,-1,-1,-1,Walking
116,6,500.60073467245854,200.064613925518,187.50611301541696,488.0822865969507,1,-1,-1,-1,Walking
117,6,489.4857535918594,197.942171846106,184.63900925641659,483.07934525319075,1,-1,-1,-1,Walking
118,6,475.44004293012904,198.75994872113444,185.02496786463914,485.9078100317556,1,-1,-1,-1,Walking
119,6,464.67619131316053,198.0481209909554,186.83971672651504,489.61082973623604,1,-1,-1,-1,Walking
120,6,446.4818814485017,196.39926797971455,189.10112170138595,494.15851962163146,1,-1,-1,-1,Walking
121,6,430.3107369943624,194.91159447160717,190.60131905226532,496.4105547899741,1,-1,-1,-1,Walking
122,6,420.49365194788504,193.6485855343194,189.91755886087665,491.9493404675129,1,-1,-1,-1,Walking
123,6,407.2527020692818,192.53851706552717,190.77394931003872,491.304747531551,1,-1,-1,-1,Walking
124,6,391.46681689278756,191.2811720584437,194.57775290370307,500.08768096856124,1,-1,-1,-1,Walking
125,6,380.9340121061889,187.161754281715,196.59621077389778,503.16524513975196,1,-1,-1,-1,Walking
126,6,361.9726394442391,180.0689155234232,200.65904593790734,515.2175591134882,1,-1,-1,-1,Walking
127,6,341.2893087329295,176.9485443158663,201.96895382429892,519.4447213267355,1,-1,-1,-1,Walking
128,6,330.49582393980364,176.07748400138368,190.72879912405566,492.9133427734807,1,-1,-1,-1,Walking
129,6,318.45335153672454,183.579344637801,194.2196462690461,504.97700269592576,1,-1,-1,-1,Walking
130,6,298.64555419060537,179.59070628507828,198.08386670257372,513.7067237178727,1,-1,-1,-1,Walking
131,6,281.96848226074053,178.45206591945453,200.5058139596427,517.4919699636121,1,-1,-1,-1,Walking
132,6,265.8332350720085,177.36815171484068,202.99997125740805,519.7316598225531,1,-1,-1,-1,Walking
133,6,252.10612715943216,179.31013222678308,201.685630235045,514.7040046634144,1,-1,-1,-1,Walking
134,6,242.0366633879305,178.06271302989694,203.11042279258206,517.0980183906672,1,-1,-1,-1,Walking
138,6,181.3716126404498,178.25798548177056,202.5245906525825,517.5110051157433,1,-1,-1,-1,Walking
139,6,161.42895215213133,173.42494361812498,202.64913048900613,517.6091530171009,1,-1,-1,-1,Walking
140,6,150.94253920902145,169.68013574123114,200.9204150613057,512.2828663281783,1,-1,-1,-1,Walking
141,6,136.84061419823394,175.2046302709262,202.91449909392335,514.2211433627218,1,-1,-1,-1,Walking
142,6,121.17979055529172,171.311776470626,206.241792931476,519.2471081574857,1,-1,-1,-1,Walking
143,6,105.69932173887597,171.45584573205662,209.451618608871,525.579378490207,1,-1,-1,-1,Walking
144,6,93.44612710961306,166.2811072873052,206.0266282590175,520.4709190341266,1,-1,-1,-1,Walking
145,6,74.87210606630508,162.4191366313466,205.4350420760517,522.2400366909984,1,-1,-1,-1,Walking
146,6,68.759602206655,157.78050147823348,195.45942675889088,501.6827206533559,1,-1,-1,-1,Walking
149,6,17.523626418242216,161.40604920238457,202.6864512264622,527.6489571142245,1,-1,-1,-1,Walking
153,6,-32.83222166181925,163.04491168811222,200.6179627615314,533.6110267979727,1,-1,-1,-1,Walking
154,6,-38.27095609137243,166.0785740748795,194.768217074906,528.1728383283461,1,-1,-1,-1,Walking
155,6,-39.33482865181841,163.69319862768026,181.81431596057504,505.0083438819255,1,-1,-1,-1,Walking
1,3,1639.5576171875,389.27020263671875,112.451904296875,319.8270263671875,1,-1,-1,-1,Walking
2,3,1639.7844139936656,386.0555023949993,112.16334772935251,318.98788502590713,1,-1,-1,-1,Walking
3,3,1639.1090784625628,384.3633536712691,112.8662672727659,320.9318057709806,1,-1,-1,-1,Walking
4,3,1638.2132816871117,385.89917110271386,113.93769541823411,323.6970110425151,1,-1,-1,-1,Walking
5,3,1637.065547845768,384.9178137955482,115.49815559053708,327.8265929197274,1,-1,-1,-1,Walking
6,3,1636.475606261899,384.9254085807647,115.95633550776348,328.6054439882518,1,-1,-1,-1,Walking
7,3,1636.075609472014,384.1033973583563,116.69397760357198,330.07686382880013,1,-1,-1,-1,Walking
8,3,1631.3543680727857,382.9918580845033,117.82784273662134,332.5020258733153,1,-1,-1,-1,Walking
9,3,1629.40037936782,382.60067673128657,118.28138186925112,333.37267512848473,1,-1,-1,-1,Walking
10,3,1627.813744670937,378.6950106855243,118.88665524864156,335.51653117973194,1,-1,-1,-1,Walking
11,3,1623.4034681573714,381.50608940662175,118.41789538199322,334.0200149514489,1,-1,-1,-1,Walking
12,3,1620.3715596937857,376.160697368854,120.14325225095999,339.5138988797152,1,-1,-1,-1,Walking
13,3,1614.8053824496176,373.70514430633204,121.73890424026912,342.6263610472288,1,-1,-1,-1,Walking
14,3,1611.286044992807,368.54580989026147,124.84910763557666,351.76629858177625,1,-1,-1,-1,Walking
15,3,1610.1477834885627,368.057001001529,125.31052407737634,353.1599137886611,1,-1,-1,-1,Walking
16,3,1609.858404810446,369.217970931396,124.72417301802618,350.9492131173416,1,-1,-1,-1,Walking
17,3,1606.6916785453586,370.7080641383624,124.032052508641,348.4282570341691,1,-1,-1,-1,Walking
18,3,1605.6869454868506,374.79724505649347,123.51773641194737,345.85714433289667,1,-1,-1,-1,Walking
19,3,1605.4458040372006,376.86987153632884,123.07068544158356,343.4416867958911,1,-1,-1,-1,Walking
20,3,1604.5899590915285,376.68514480340576,124.22752343949821,345.2349083913265,1,-1,-1,-1,Walking
21,3,1603.927900311044,376.1791332245387,125.46684291585841,347.5812202272949,1,-1,-1,-1,Walking
22,3,1603.6105337174859,377.1351215138659,125.44867466075371,346.0620760597497,1,-1,-1,-1,Walking
23,3,1603.4978113161455,377.9921990473805,125.49025451254195,344.9885077199531,1,-1,-1,-1,Walking
24,3,1603.147163226614,377.79826175265964,126.39628042049969,346.0295961663415,1,-1,-1,-1,Walking
25,3,1602.0523840459555,376.83860058705136,127.99022987194144,347.60479314627514,1,-1,-1,-1,Walking
26,3,1597.1192578658006,375.49830609060103,129.77681782986082,349.5180263401875,1,-1,-1,-1,Walking
27,3,1594.2950417088018,375.18581473250504,131.4322988003192,351.0537242244489,1,-1,-1,-1,Walking
28,3,1587.6475928900018,372.9723689986932,134.3349693562092,356.24273427347214,1,-1,-1,-1,Walking
29,3,1579.9177593439588,371.57410380861654,136.93385602944863,359.6692721135167,1,-1,-1,-1,Walking
30,3,1576.2337943886066,371.1469081897458,138.58328457511996,361.31663839174354,1,-1,-1,-1,Walking
31,3,1569.3165554275552,368.4034750447402,141.46475674227796,366.5655188386419,1,-1,-1,-1,Walking
32,3,1562.1349847880952,366.26572622163985,143.5867849108121,370.8469364041878,1,-1,-1,-1,Walking
33,3,1559.4715016162986,365.97372303697637,143.88688679916226,371.2134921909181,1,-1,-1,-1,Walking
34,3,1557.7409941232497,364.10877442818867,144.448822389944,372.98015746354844,1,-1,-1,-1,Walking
35,3,1552.4616367621916,360.4415930557825,146.33578508390832,379.31009386307306,1,-1,-1,-1,Walking
36,3,1550.5325594355602,359.1844062210928,146.31162787518812,381.4500835090814,1,-1,-1,-1,Walking
37,3,1545.0100837646348,357.09370520695495,146.89677645417348,385.2939426890921,1,-1,-1,-1,Walking
38,3,1542.5130295942715,355.9016474056705,147.0444246276701,388.1008031925485,1,-1,-1,-1,Walking
39,3,1538.1363289272686,355.9522013001326,146.76174738141063,389.5063902909425,1,-1,-1,-1,Walking
40,3,1535.693668281186,354.7225541510436,147.14321982108413,391.9141691943442,1,-1,-1,-1,Walking
41,3,1530.268410557404,353.4367326710277,148.47317058236086,395.8574283723754,1,-1,-1,-1,Walking
42,3,1527.9127699766404,352.35564822793583,149.17011444248612,398.79122894537653,1,-1,-1,-1,Walking
43,3,1526.9084240352045,351.8921625356737,149.52364706556992,399.47814785048007,1,-1,-1,-1,Walking
44,3,1521.861510956009,349.75415897692505,150.97197517283368,402.88313415350905,1,-1,-1,-1,Walking
45,3,1519.1514189608133,346.9718665239549,152.35110490891458,406.6774184860819,1,-1,-1,-1,Walking
46,3,1513.7824973480076,344.9315139353988,153.35720471457978,410.26545241863124,1,-1,-1,-1,Walking
47,3,1505.8868032329658,342.9202530249854,155.10514700305978,415.11461076469476,1,-1,-1,-1,Walking
48,3,1502.3855024014524,341.40275368630216,156.58473234852835,418.78596967826593,1,-1,-1,-1,Walking
49,3,1497.1010349711846,340.5467607057018,157.05659626251497,420.02368803183975,1,-1,-1,-1,Walking
50,3,1490.7342852527797,339.863015129456,157.01481673259795,420.857683680476,1,-1,-1,-1,Walking
51,3,1489.0115329900307,339.7118675289089,156.0163930224665,420.50297077774513,1,-1,-1,-1,Walking
52,3,1483.2847691073523,337.7770481336072,156.65640132799808,423.9345600653706,1,-1,-1,-1,Walking
53,3,1481.4125914900521,333.7916833012102,155.73489207521467,425.01544345427726,1,-1,-1,-1,Walking
54,3,1476.341748732492,331.6877512455218,155.5380562741873,426.77907436975664,1,-1,-1,-1,Walking
55,3,1466.889470685585,327.3752620025222,161.3757118635787,443.15693821199113,1,-1,-1,-1,Walking
61,3,1289.8070394607955,310.044586517633,166.08805590310308,454.923343296376,1,-1,-1,-1,Walking
62,3,1271.7535986192877,312.03938353481203,166.36961083317863,449.2997622188861,1,-1,-1,-1,Walking
63,3,1264.0475947656387,311.2305358694687,169.7769097419405,450.4462458779559,1,-1,-1,-1,Walking
64,3,1256.5317111362765,310.899391899769,171.4032275710008,450.6332939946534,1,-1,-1,-1,Walking
65,3,1244.46195207343,309.3831029728184,173.71566742875177,452.8171534749443,1,-1,-1,-1,Walking
66,3,1239.788686939128,307.9420044944008,175.62816940347952,455.71864295761577,1,-1,-1,-1,Walking
67,3,1234.1387801302837,309.3311765221421,175.4036333888618,453.3104785689309,1,-1,-1,-1,Walking
68,3,1226.6182020570207,307.75777726252886,177.37905283346592,456.9738874711812,1,-1,-1,-1,Walking
69,3,1219.6100568157215,306.8610546331731,178.96092884179953,459.32908210891145,1,-1,-1,-1,Walking
70,3,1210.7682194523356,303.1404886025348,182.82439782444382,466.30520841983866,1,-1,-1,-1,Walking
71,3,1197.9253540489478,301.19174528566936,185.08006614369316,469.013899178272,1,-1,-1,-1,Walking
72,3,1183.5835412930896,298.712317840339,188.04228708730375,474.49901945808455,1,-1,-1,-1,Walking
73,3,1176.3034522707405,293.7329552793768,192.98811276318804,485.37891154836717,1,-1,-1,-1,Walking
74,3,1169.6435326362612,291.851931104556,194.4029412598068,488.99929377141007,1,-1,-1,-1,Walking
75,3,1162.6440365648468,290.45903883688857,194.8039863697545,491.1296434497206,1,-1,-1,-1,Walking
76,3,1155.1163570500985,284.65298292890236,195.60737633556,494.37102273093836,1,-1,-1,-1,Walking
77,3,1147.27922304138,280.68642799287966,196.93731530073248,498.7932719432936,1,-1,-1,-1,Walking
78,3,1131.1376163695013,278.3255259185311,198.07498396346475,502.15637336564316,1,-1,-1,-1,Walking
79,3,1114.8305759078942,275.02515770797015,200.4727463577707,508.0526474164538,1,-1,-1,-1,Walking
80,3,1104.5309411897429,274.82816962203515,200.98816167541403,508.3102342901821,1,-1,-1,-1,Walking
81,3,1091.0363067157477,273.6227966879329,202.6525691734474,511.8635552856928,1,-1,-1,-1,Walking
82,3,1081.8040405156842,273.2331715666133,202.75648415766807,512.4594381888861,1,-1,-1,-1,Walking
83,3,1079.1579132666727,274.26328442169086,201.36223972852207,509.458556997482,1,-1,-1,-1,Walking
84,3,1068.9699333710635,272.8706542421737,201.66839148671133,511.9927972441938,1,-1,-1,-1,Walking
85,3,1055.5592153275338,266.3076919901805,203.25256990428127,517.5921449529217,1,-1,-1,-1,Walking
86,3,1050.02670176927,264.604462849062,205.189299832311,524.4276173205856,1,-1,-1,-1,Walking
87,3,1042.0590238624088,259.5982254260868,209.2204058667552,536.9959306463414,1,-1,-1,-1,Walking
88,3,1035.0866416891497,260.9687366194468,209.64787948830374,536.8682179618264,1,-1,-1,-1,Walking
89,3,1028.3288415295935,265.80134358422504,209.50967887910167,536.5875320694977,1,-1,-1,-1,Walking
90,3,1018.1833071433205,274.5296405213515,206.14288843533322,531.1124002423686,1,-1,-1,-1,Walking
91,3,1008.8714550256008,270.15054175491736,207.17090383915794,536.4015000749768,1,-1,-1,-1,Walking
92,3,1000.4008622344494,267.0056200438826,208.8751192820226,540.9294424200541,1,-1,-1,-1,Walking
93,3,995.493015271252,262.02883708480346,213.45604775528224,549.6725266898089,1,-1,-1,-1,Walking
94,3,979.4479714877275,257.3945995717576,216.74833865895073,557.7317987014391,1,-1,-1,-1,Walking
95,3,967.6134943040377,254.10505594347677,220.62939627311889,564.5487482186894,1,-1,-1,-1,Walking
96,3,956.8799072679867,250.11628110428416,225.6013705739266,571.5303858073365,1,-1,-1,-1,Walking
97,3,938.9766406737795,249.11818135438318,228.07480327885366,574.4346946369308,1,-1,-1,-1,Walking
98,3,931.7927586862423,248.35743025926263,230.31605135611406,576.8470797834832,1,-1,-1,-1,Walking
99,3,919.8468759487768,247.2554190845168,231.49394381021344,578.9785467170866,1,-1,-1,-1,Walking
100,3,906.2976367630444,243.196178017134,231.59411472400765,578.02176926326,1,-1,-1,-1,Walking
101,3,897.0570231448653,242.04703062748854,231.61450369710553,576.2697398484586,1,-1,-1,-1,Walking
102,3,882.9867459513792,239.42399739119622,234.87288894452757,579.1230403608664,1,-1,-1,-1,Walking
103,3,873.3650846933707,240.11019795992257,235.58690260248292,576.7885801323015,1,-1,-1,-1,Walking
104,3,864.148576637177,234.26493247970956,238.50883951451715,580.4929521907408,1,-1,-1,-1,Walking
105,3,856.0418999671083,234.9500596828767,240.68178803385942,583.9360409461974,1,-1,-1,-1,Walking
106,3,850.1996951423409,232.47616753104273,247.1536427310619,599.8248760809013,1,-1,-1,-1,Walking
107,3,839.0805643476314,230.36740097597908,250.11317871911874,608.6774274389679,1,-1,-1,-1,Walking
108,3,826.4593419917177,231.01087885585827,249.7801909979251,609.5817212526807,1,-1,-1,-1,Walking
109,3,817.2593676652243,230.07112094186704,249.8457368874962,612.7414629364226,1,-1,-1,-1,Walking
110,3,814.226531222877,229.3491441787097,249.17582528623305,614.082993454515,1,-1,-1,-1,Walking
111,3,809.1546814998509,227.6016839358594,248.2295324440975,617.4273904503765,1,-1,-1,-1,Walking
112,3,802.6916722214979,224.55726018515986,248.56802936561172,623.8412776361313,1,-1,-1,-1,Walking
113,3,796.1150742646023,222.903873919379,248.74395927351424,627.4984452972545,1,-1,-1,-1,Walking
114,3,787.8904765432701,219.02535849087326,250.58867260496336,634.4372582959161,1,-1,-1,-1,Walking
115,3,775.3403232596388,217.11755450356418,252.35802249771473,638.2172728598091,1,-1,-1,-1,Walking
116,3,766.621701721685,216.86120038652138,252.12159410431474,638.7289167854191,1,-1,-1,-1,Walking
117,3,753.6957055103924,214.24150834604956,253.19583309657216,644.4321237680359,1,-1,-1,-1,Walking
118,3,737.3824585384464,212.03076763772106,249.647979008143,640.6335099920443,1,-1,-1,-1,Walking
119,3,731.759126614323,211.74582661045224,246.70072562015238,637.2294235949387,1,-1,-1,-1,Walking
120,3,717.1863970448939,211.807024144607,243.6474739357893,634.6891465964354,1,-1,-1,-1,Walking
121,3,701.9864843458697,209.69780357921837,243.50820890188257,639.91772904625,1,-1,-1,-1,Walking
122,3,688.0115716787675,210.00917768198894,242.5051201878747,638.7269664409887,1,-1,-1,-1,Walking
123,3,672.0845746566124,207.3913615070627,245.61990323019796,642.4529398876318,1,-1,-1,-1,Walking
124,3,655.5323652486734,200.8926794872741,250.04725009526769,647.6482980280243,1,-1,-1,-1,Walking
125,3,644.1218502618219,201.62546980516504,253.5875011032468,650.6559810205156,1,-1,-1,-1,Walking
126,3,630.053788017601,202.00299399338257,256.69562701054633,651.6681466525481,1,-1,-1,-1,Walking
127,3,614.7319089315283,201.22911977857711,260.2245690793126,653.9343968678816,1,-1,-1,-1,Walking
128,3,608.2318219208498,200.48181295301345,263.54611201922614,656.2819296738089,1,-1,-1,-1,Walking
129,3,595.1327606028709,192.10074627254198,268.87093931575686,664.4146891895907,1,-1,-1,-1,Walking
130,3,584.3799174135845,185.25131325848258,273.8838055488252,675.3205032399826,1,-1,-1,-1,Walking
131,3,579.4776223698145,179.6135999831941,277.93071891809535,685.309634251823,1,-1,-1,-1,Walking
132,3,567.8638053934676,178.82669652651003,280.731219772538,695.7949477168987,1,-1,-1,-1,Walking
133,3,554.4357779851106,178.82259913140894,281.8941683371359,708.6562495162738,1,-1,-1,-1,Walking
134,3,545.5256787088967,176.87918107434928,281.1264661937952,717.5496076760089,1,-1,-1,-1,Walking
135,3,538.1101125100406,174.89843920302422,280.52836848832146,724.1395485552731,1,-1,-1,-1,Walking
136,3,531.133697842858,172.9372662928252,279.97006487140357,728.3658579059814,1,-1,-1,-1,Walking
137,3,525.2755260638359,173.15135154568418,277.5424302337808,727.6047696011703,1,-1,-1,-1,Walking
138,3,522.9875596039583,170.53862124108934,276.89110794339996,731.91797877257,1,-1,-1,-1,Walking
139,3,518.6565194586533,169.08516480348322,275.3808801206387,734.4892809795796,1,-1,-1,-1,Walking
140,3,518.1375635461043,169.36278525801623,273.0549178220739,733.4564037372778,1,-1,-1,-1,Walking
141,3,518.709510474571,165.31872612419164,271.76234016430794,733.6050410745808,1,-1,-1,-1,Walking
142,3,523.715739989052,163.1261711665125,271.47761357355046,735.2512200806508,1,-1,-1,-1,Walking
143,3,525.3424186126374,160.26906029366768,272.4644251229316,739.9178654136991,1,-1,-1,-1,Walking
144,3,530.7394678987307,159.3168801848342,273.11889370245325,741.5628154771505,1,-1,-1,-1,Walking
145,3,537.1997449774497,158.46998559754906,274.0941734064292,743.1814497513448,1,-1,-1,-1,Walking
146,3,544.0297311298465,158.2909691793671,275.1994355146037,743.670367375525,1,-1,-1,-1,Walking
147,3,556.948187638461,166.18487243884806,273.61301162591445,736.4757304181874,1,-1,-1,-1,Walking
148,3,575.6045164914854,167.93782856099375,274.020764868051,736.534801460734,1,-1,-1,-1,Walking
149,3,606.2782555025456,169.21237315105077,273.5590921735232,735.9740362265154,1,-1,-1,-1,Walking
150,3,629.914589289339,168.81537351077628,277.66026464026703,746.582284889051,1,-1,-1,-1,Walking
151,3,651.8136636157016,173.176409619006,280.79782281230536,750.1579230850145,1,-1,-1,-1,Walking
152,3,669.216023109307,177.32145433425706,282.29481036748797,747.1373078965685,1,-1,-1,-1,Walking
153,3,687.3741564822863,180.97465186714936,286.9386202829302,750.4499130217229,1,-1,-1,-1,Walking
154,3,702.7328247303376,184.12489498407672,289.6661992890036,748.12050556228,1,-1,-1,-1,Walking
155,3,729.3903778698542,175.82089531421536,294.68830266100593,756.8213583659781,1,-1,-1,-1,Walking
156,3,763.6109866683557,177.81451719504003,294.0907094653378,758.8616565429995,1,-1,-1,-1,Walking
157,3,784.8007426205735,174.93245023520223,294.98667619027384,766.278900071885,1,-1,-1,-1,Walking
158,3,811.7363949971952,174.18732965504523,293.9084037123778,769.5494457591853,1,-1,-1,-1,Walking
159,3,840.2513022697365,173.61816171742697,293.0398856375582,771.2404630078166,1,-1,-1,-1,Walking
160,3,863.8395116706524,172.15331661062817,294.4356142737464,774.37156328285,1,-1,-1,-1,Walking
161,3,893.7814759938822,175.70743569407233,298.5478741735597,776.0536833633035,1,-1,-1,-1,Walking
162,3,919.2461144653936,187.14497331619725,297.986238538593,764.5871551765761,1,-1,-1,-1,Walking
163,3,931.4964554156946,191.91372478270938,300.07954593770705,759.9257334835764,1,-1,-1,-1,Walking
164,3,963.248167317871,193.14839598494132,301.4151503279466,758.9774975485627,1,-1,-1,-1,Walking
165,3,996.2889488211237,198.2148577989388,295.4507146679891,749.2364784418959,1,-1,-1,-1,Walking
166,3,1018.4105085323,202.00768287759496,290.8112708067931,742.2926971883702,1,-1,-1,-1,Walking
167,3,1043.351793089616,201.6140313401168,291.69000336187406,752.1675794017752,1,-1,-1,-1,Walking
168,3,1068.2481976279737,199.33228865947086,297.1158555154498,769.3394590919469,1,-1,-1,-1,Walking
169,3,1082.8742551501107,200.80755118486343,296.5615838293596,771.0494103575757,1,-1,-1,-1,Walking
170,3,1101.8264660288985,202.9408847121311,296.1131909781743,769.0582762597431,1,-1,-1,-1,Walking
171,3,1116.4642611038832,205.12358165174822,297.77884711459814,773.673416455102,1,-1,-1,-1,Walking
172,3,1130.4557848838997,207.06444906688728,298.5343001733287,773.6310067378736,1,-1,-1,-1,Walking
173,3,1149.2761370266473,206.19230342280474,298.3297819959953,776.7355135941797,1,-1,-1,-1,Walking
174,3,1173.429160979405,206.64450790037688,300.06179099646056,784.8353022324543,1,-1,-1,-1,Walking
175,3,1192.9082227779313,208.7705683129883,297.1365753336488,783.3378279541803,1,-1,-1,-1,Walking
176,3,1205.0545739525023,206.64118146709882,294.26332816755763,780.1811177453806,1,-1,-1,-1,Walking
177,3,1225.9418785280293,209.80672138846097,296.77502373479456,779.2581188002722,1,-1,-1,-1,Walking
178,3,1237.7386216164175,209.68679183907506,298.17660953477315,773.9056397765695,1,-1,-1,-1,Walking
179,3,1245.4473802710302,213.9930641527086,299.82110484330684,771.2638716382189,1,-1,-1,-1,Walking
180,3,1261.5991716366893,218.13504204565908,300.9418262697322,774.0022795757721,1,-1,-1,-1,Walking
181,3,1271.507510140262,218.6081420963185,301.940899879638,777.843344308094,1,-1,-1,-1,Walking
182,3,1279.0436944510923,218.93595369997502,302.57785647813887,778.9909417616993,1,-1,-1,-1,Walking
183,3,1288.878673218989,220.33773680057135,306.7363495036403,784.9310356893592,1,-1,-1,-1,Walking
184,3,1295.1435000337262,215.67513232014062,311.06394996360444,789.4599630112516,1,-1,-1,-1,Walking
185,3,1297.687918947025,220.56580570752084,311.64290867296273,786.2480465131565,1,-1,-1,-1,Walking
186,3,1301.6399622962992,219.66171261526284,313.6715863827711,790.8022568287557,1,-1,-1,-1,Walking
187,3,1306.8693217842772,217.2673366928243,315.05200197383954,796.5161539351132,1,-1,-1,-1,Walking
188,3,1307.3884159871786,213.26308541845697,317.3021035202333,804.6792088587238,1,-1,-1,-1,Walking
189,3,1307.2381753183256,209.23601771816124,317.9981988197142,811.7959756847823,1,-1,-1,-1,Walking
190,3,1307.2312729088787,206.1701632187001,317.78021925520017,817.6233760786203,1,-1,-1,-1,Walking
191,3,1302.7815833851039,205.66612571948338,316.6115386770269,818.5772630447293,1,-1,-1,-1,Walking
192,3,1299.6824054372105,202.1059895270945,318.1451086144312,826.0272063866068,1,-1,-1,-1,Walking
193,3,1297.6258665690725,197.50851847963446,320.10182501689167,835.7367313444294,1,-1,-1,-1,Walking
194,3,1284.589521229177,195.21796972779345,326.57292093261816,858.5166978726353,1,-1,-1,-1,Walking
195,3,1273.8558320380043,193.28059434860575,331.1462642949885,878.3889696355977,1,-1,-1,-1,Walking
196,3,1258.0478990686101,190.0443110258587,337.6509482970148,899.9864346924647,1,-1,-1,-1,Walking
197,3,1247.4871914611226,188.04707678127681,339.24262654613835,909.9989994030918,1,-1,-1,-1,Walking
198,3,1239.920321648651,184.09802672904948,337.4977943998673,911.2216284465694,1,-1,-1,-1,Walking
199,3,1232.6782565762992,181.47992113307703,336.2339433767408,913.2717075259595,1,-1,-1,-1,Walking
200,3,1225.9119275804157,178.83908511027386,334.9118746387216,916.6006270650322,1,-1,-1,-1,Walking
201,3,1218.6594613176874,172.28881163086402,333.96377399057434,920.0063611402146,1,-1,-1,-1,Walking
202,3,1206.9343713889925,169.90680362162203,333.30131168080226,920.6271904307656,1,-1,-1,-1,Walking
203,3,1188.1596884071084,167.56358511021796,334.06712065213065,923.4211666743566,1,-1,-1,-1,Walking
204,3,1151.3066199150994,155.70073161023686,337.74987168134135,928.6025550093577,1,-1,-1,-1,Walking
205,3,1127.6524430947568,155.02017549749382,340.4323618199461,931.5614826922576,1,-1,-1,-1,Walking
206,3,1103.529941513239,154.88130098546628,344.1668057429413,933.0224595987831,1,-1,-1,-1,Walking
207,3,1070.2420159632209,154.55186700432102,347.6809684546861,934.2968379103893,1,-1,-1,-1,Walking
208,3,1049.5059580620357,152.52670053761761,347.65023872969704,929.525708448249,1,-1,-1,-1,Walking
209,3,1022.4387367168647,143.36608571227038,349.88149315295914,934.9789199295038,1,-1,-1,-1,Walking
210,3,998.5046511546741,137.75444506601156,350.8808961523896,941.3711878397088,1,-1,-1,-1,Walking
211,3,974.5046018537726,135.9873757979396,354.55325840386797,952.3778047128752,1,-1,-1,-1,Walking
212,3,934.2360770308338,121.53500077840101,363.19954555886375,975.1485191597392,1,-1,-1,-1,Walking
213,3,908.2100022605964,114.76260840556694,361.02928877838303,967.3708051414172,1,-1,-1,-1,Walking
214,3,902.7772688785035,115.982342219494,352.70560893681755,946.9226512485872,1,-1,-1,-1,Walking
215,3,887.5288369570536,114.64032354234871,349.98251691311333,943.6548111340458,1,-1,-1,-1,Walking
216,3,851.7259690981048,114.22462271778596,353.6887927849863,951.3813452547012,1,-1,-1,-1,Walking
217,3,825.892296142766,110.36852599457245,362.2864777007928,971.5503288282362,1,-1,-1,-1,Walking
218,3,790.6912713982857,105.66402978871497,371.3290035312978,995.0552380893764,1,-1,-1,-1,Walking
219,3,757.1968930051053,95.66073546921837,379.65274972100457,1020.7293571195344,1,-1,-1,-1,Walking
220,3,743.672742077417,89.91234893678745,385.06395162297343,1043.500273553568,1,-1,-1,-1,Walking
221,3,722.4137777641947,87.97067426998831,384.15495139848906,1051.4943084268684,1,-1,-1,-1,Walking
222,3,699.5940546445283,83.77129791740617,377.5155988264207,1043.1190503983187,1,-1,-1,-1,Walking
223,3,666.7546015602684,78.63092762448662,378.30694931132444,1046.8908205003534,1,-1,-1,-1,Walking
224,3,626.2713681532223,79.17632480170266,380.5224474852313,1052.647170283187,1,-1,-1,-1,Walking
225,3,593.2629868832305,81.16764989621731,380.64294171993174,1051.6518232139363,1,-1,-1,-1,Walking
226,3,572.9598574041988,78.81053620959506,379.267687510776,1048.2326181798664,1,-1,-1,-1,Walking
227,3,536.2922142102923,70.53128682510726,382.4684964346539,1061.729264691433,1,-1,-1,-1,Walking
228,3,489.4653162659079,60.18797126835523,386.41359945487204,1080.8440335890302,1,-1,-1,-1,Walking
229,3,470.1418815889973,66.43959264129512,373.82369582961286,1049.52658383087,1,-1,-1,-1,Walking
230,3,432.7387972693114,62.146344812965594,374.90054655732627,1060.0774865183384,1,-1,-1,-1,Walking
231,3,401.25131088408403,65.20564851352253,365.30020352424265,1036.3916313448394,1,-1,-1,-1,Walking
232,3,374.4692716332869,58.5740300198745,365.43747358155355,1033.9853604640148,1,-1,-1,-1,Walking
233,3,336.61309615106,62.18245525796726,366.9743280107831,1030.4465983172,1,-1,-1,-1,Walking
234,3,300.0676627737357,73.1350275003499,367.03364193460555,1019.2445012170867,1,-1,-1,-1,Walking
235,3,269.1710939180313,65.52529422696784,375.88001681484,1038.8476090042525,1,-1,-1,-1,Walking
236,3,227.68286045942455,60.39675963872219,375.6150361526851,1041.4541999135586,1,-1,-1,-1,Walking
237,3,191.80741310243764,57.76513201075602,371.0346006793618,1034.259937681327,1,-1,-1,-1,Walking
238,3,165.6998772219091,54.55051403253776,369.18371319981316,1036.6007515715778,1,-1,-1,-1,Walking
239,3,139.60813817787135,56.350152955545695,365.56333893168267,1031.8372604525084,1,-1,-1,-1,Walking
240,3,120.65905889793243,55.660039882385604,365.6733361533453,1033.1437898287654,1,-1,-1,-1,Walking
241,3,105.8308133655685,62.55010722468501,364.8373844718628,1028.3490459084885,1,-1,-1,-1,Walking
242,3,88.92657455335765,80.41316940121806,361.6470147120295,1014.8777946437406,1,-1,-1,-1,Walking
1,4,1744.8299560546875,439.2337646484375,84.7171630859375,252.3243408203125,1,-1,-1,-1,Walking
2,4,1738.4462094168007,436.98333412359574,86.45016090555126,257.0592779994996,1,-1,-1,-1,Walking
3,4,1737.7583603505743,445.48497870822985,84.22294238320016,249.11145986452317,1,-1,-1,-1,Walking
4,4,1732.4509406063994,447.8480651642236,84.88454917159139,249.9222043048531,1,-1,-1,-1,Walking
5,4,1730.9726785806483,449.8261907465003,84.03055824667861,245.6417834081401,1,-1,-1,-1,Walking
6,4,1729.518753733922,448.0945208809656,85.28073950986605,247.60026688534197,1,-1,-1,-1,Walking
7,4,1727.2991830786002,439.50408782112237,88.94141825985928,256.60677743110216,1,-1,-1,-1,Walking
8,4,1721.3504471923584,436.3056141603845,92.92746561500445,266.6903195041764,1,-1,-1,-1,Walking
9,4,1719.1784015994617,435.7002453315579,94.51251433346211,270.132257783491,1,-1,-1,-1,Walking
10,4,1718.1029270149186,435.89627732505596,95.77698869436217,272.20158011720514,1,-1,-1,-1,Walking
11,4,1717.867913712669,436.6832926758939,95.79640923189757,271.4197810577184,1,-1,-1,-1,Walking
12,4,1717.5051877154801,436.4058772651738,96.43501163824259,272.2663741720002,1,-1,-1,-1,Walking
13,4,1717.653232637598,436.7808856888738,96.13919266918033,270.9627739264535,1,-1,-1,-1,Walking
14,4,1716.4295274075869,434.74443983556546,98.02539943162286,275.70071362787013,1,-1,-1,-1,Walking
15,4,1716.130695970012,434.26204862236096,98.70516696453556,277.0367628419664,1,-1,-1,-1,Walking
16,4,1715.6091513126298,434.06570708323187,99.28907688146039,278.05595771458104,1,-1,-1,-1,Walking
17,4,1715.5601155450693,434.203772609147,99.33956544522054,277.8223901450679,1,-1,-1,-1,Walking
18,4,1711.6306346571891,433.7525739165012,99.83869679337921,278.43258349666553,1,-1,-1,-1,Walking
19,4,1709.3361046022856,433.92717600554965,100.21940601601834,278.7725413276567,1,-1,-1,-1,Walking
20,4,1704.2140132085144,432.6481585344495,101.4353769506774,281.0217162467852,1,-1,-1,-1,Walking
21,4,1702.2267027560627,432.445490222462,102.0045423308019,280.98273500083496,1,-1,-1,-1,Walking
22,4,1701.3774870100792,432.5022079195743,102.29998472153315,280.4165775023884,1,-1,-1,-1,Walking
23,4,1700.295110347118,433.8514232599605,103.95347847399174,284.3869475152049,1,-1,-1,-1,Walking
24,4,1699.8703335263501,434.71771922801645,104.5125726331,285.51624348912634,1,-1,-1,-1,Walking
25,4,1699.5950170952035,434.5795853818065,105.45662829782822,287.66817454935216,1,-1,-1,-1,Walking
26,4,1699.5497757632397,435.30772882534933,105.8579549706188,287.98356652819314,1,-1,-1,-1,Walking
27,4,1699.445000372019,436.14761702317946,106.09726229647667,287.57611997829827,1,-1,-1,-1,Walking
28,4,1702.4938354612993,434.64729533609454,107.50344383834081,290.67633426384026,1,-1,-1,-1,Walking
29,4,1699.71572416031,433.70684647915994,108.36128273685156,292.62398930278727,1,-1,-1,-1,Walking
30,4,1697.9777034686167,432.8996050918749,109.28454775728946,294.8812709973366,1,-1,-1,-1,Walking
31,4,1696.421430876356,431.3605357408514,110.48287551805042,298.31231033090046,1,-1,-1,-1,Walking
32,4,1690.590203354257,428.3110820761425,113.15087303125394,304.96720806410923,1,-1,-1,-1,Walking
33,4,1688.0581801999483,427.43988326855174,114.0921713674069,306.5086301283995,1,-1,-1,-1,Walking
34,4,1683.2633347574877,426.2613230420984,114.72969328366959,307.77573049353964,1,-1,-1,-1,Walking
35,4,1680.5927989950442,423.53695295493674,116.24120287679469,311.41845311242326,1,-1,-1,-1,Walking
36,4,1679.1839650926588,422.55721599125445,117.12354660645562,313.42256620583424,1,-1,-1,-1,Walking
37,4,1673.5090389843228,420.3621352037125,119.35067934063741,319.2181993616192,1,-1,-1,-1,Walking
38,4,1670.6307819766632,419.24946279635105,120.5640626541456,321.6027191466528,1,-1,-1,-1,Walking
39,4,1664.7165099952083,417.15667201298254,122.55044000546765,325.99146198088835,1,-1,-1,-1,Walking
40,4,1662.259265467634,418.8910262471825,123.67737281984618,328.98983960755317,1,-1,-1,-1,Walking
41,4,1660.9854575277725,417.51561539191727,123.49709901882113,326.81176988868845,1,-1,-1,-1,Walking
42,4,1655.506874507614,415.236340148344,125.41344313098217,330.0833660262027,1,-1,-1,-1,Walking
43,4,1648.7806364311111,417.03874663268175,126.7223818357069,332.7752161496218,1,-1,-1,-1,Walking
44,4,1640.2360178742429,416.5795197414711,128.86829071442781,337.79500530804955,1,-1,-1,-1,Walking
45,4,1632.6518852248757,415.66309235644417,130.54455007409834,341.5344028727156,1,-1,-1,-1,Walking
46,4,1625.2067425291125,414.95605573005207,131.15317873871234,342.95428718132354,1,-1,-1,-1,Walking
47,4,1621.399039776239,413.88142795595905,132.0129165221204,345.56214803541855,1,-1,-1,-1,Walking
48,4,1615.2878138095646,411.23738703599724,134.32131419622374,351.29425439409926,1,-1,-1,-1,Walking
49,4,1612.3056933688192,408.7453150290979,136.44886359227482,355.743446447504,1,-1,-1,-1,Walking
50,4,1609.0080898283181,408.18660639219456,140.36718122492215,365.1721540696785,1,-1,-1,-1,Walking
51,4,1603.4807831356502,406.4803059970551,143.03211761110543,372.0608298146924,1,-1,-1,-1,Walking
52,4,1600.636274071801,406.6527672541768,145.05742584361823,374.60367206559715,1,-1,-1,-1,Walking
53,4,1594.3073469161739,403.9450369822795,147.75015654286753,379.9738472902961,1,-1,-1,-1,Walking
54,4,1591.0604691937872,400.9497683802014,149.83552584582654,384.6124383301959,1,-1,-1,-1,Walking
55,4,1584.7405267999386,395.7730232186566,151.18894494143024,387.77925608315144,1,-1,-1,-1,Walking
56,4,1573.3930592356128,396.22439378348344,152.12217109428914,389.96051003759055,1,-1,-1,-1,Walking
57,4,1564.9577449795577,397.5730837245531,152.1211755944833,388.98595169021075,1,-1,-1,-1,Walking
58,4,1561.5318875498456,397.72061415154104,151.81005558659598,388.83484593546666,1,-1,-1,-1,Walking
59,4,1555.9458343867634,397.2677902067062,151.6068672648318,389.9466913251617,1,-1,-1,-1,Walking
60,4,1550.0854497945772,397.50250204370934,151.2321343689099,390.1075206789874,1,-1,-1,-1,Walking
61,4,1548.2205104403965,393.4873307156373,150.55137550514328,391.402991000612,1,-1,-1,-1,Walking
62,4,1539.8995574507253,387.4152239338948,156.13615138567133,408.9175601112234,1,-1,-1,-1,Walking
71,4,1426.9638284720547,318.2964536062916,172.79626868822047,454.1198604463462,1,-1,-1,-1,Walking
72,4,1427.5019194568476,318.6239848432465,170.84973735371045,449.0214323379004,1,-1,-1,-1,Walking
73,4,1428.2382278151235,321.10996212493296,169.88553489412323,443.81873077033543,1,-1,-1,-1,Walking
74,4,1428.83650413824,323.36696730150754,169.0135070257386,439.3536146228674,1,-1,-1,-1,Walking
75,4,1425.2258899722472,327.6682914451952,168.38707862572355,437.17321236451227,1,-1,-1,-1,Walking
76,4,1423.0762641521246,327.6384548294182,169.92127429279,439.9291265051569,1,-1,-1,-1,Walking
77,4,1422.4651467607382,327.69484688102307,170.7760490126329,441.6913982681761,1,-1,-1,-1,Walking
78,4,1421.7812554185325,326.7520917663758,171.6190828320384,444.1699455892532,1,-1,-1,-1,Walking
79,4,1417.6926461696385,326.50668926865546,171.64651698469038,444.75446898025956,1,-1,-1,-1,Walking
80,4,1416.5878954316051,327.3245633493002,170.96172899727193,443.453839646149,1,-1,-1,-1,Walking
81,4,1416.0095468306356,327.4253204630137,170.66878547000795,443.42038801008806,1,-1,-1,-1,Walking
82,4,1415.7017208681202,326.91604453416153,170.86421518014723,444.64008740885015,1,-1,-1,-1,Walking
83,4,1415.9548298170444,327.282830468398,170.46887198509097,444.1084130381056,1,-1,-1,-1,Walking
84,4,1415.7621539525694,326.1935202940211,170.90813907562773,445.7854968457144,1,-1,-1,-1,Walking
85,4,1412.2038334431184,326.6196935632753,170.48813005380416,444.9398700253981,1,-1,-1,-1,Walking
86,4,1410.780446221832,326.32298686296815,170.64692142596402,445.4460855058087,1,-1,-1,-1,Walking
87,4,1409.9931701312485,322.89091786986876,171.17382596082277,446.6630281191579,1,-1,-1,-1,Walking
88,4,1410.0300097160086,322.22608657424263,170.86478139962912,445.86194563190236,1,-1,-1,-1,Walking
89,4,1410.1882871208397,324.48845835620034,170.92434872346578,446.29933985677275,1,-1,-1,-1,Walking
90,4,1410.1987812508664,325.13741554389094,171.11558733031183,446.91125330605297,1,-1,-1,-1,Walking
91,4,1410.5686972356887,325.9665936660184,170.66290967037287,445.9823703362263,1,-1,-1,-1,Walking
92,4,1410.7505353734753,326.2207252967421,170.58518519056489,445.95985973464934,1,-1,-1,-1,Walking
93,4,1410.8149846380522,326.47454393711973,170.63377335588586,445.8047025765645,1,-1,-1,-1,Walking
94,4,1410.9249121299908,327.0085090794171,170.48245907754512,445.2293868261016,1,-1,-1,-1,Walking
95,4,1411.0475539644717,327.0205926519466,170.45582508572005,445.15417364904283,1,-1,-1,-1,Walking
96,4,1411.0749324931198,326.8970813728876,170.61230352007615,445.5189279791365,1,-1,-1,-1,Walking
97,4,1411.1748057005839,327.26356869589256,170.51756185220765,445.06945741414575,1,-1,-1,-1,Walking
98,4,1411.255581922377,327.5755017648338,170.4413563547028,444.5453693094896,1,-1,-1,-1,Walking
99,4,1411.4486066057173,327.7889898539877,170.22655477139486,443.9712110044061,1,-1,-1,-1,Walking
100,4,1411.4887795081931,327.6488455749396,170.24307264878334,444.15081305643025,1,-1,-1,-1,Walking
101,4,1411.6522262989931,327.8069285251747,170.0411506222891,443.6491342815585,1,-1,-1,-1,Walking
102,4,1411.6820074468194,327.72926787476786,170.0202346907933,443.4819842787578,1,-1,-1,-1,Walking
103,4,1411.3837376653482,324.29780103600785,170.51185546595184,444.2427355840628,1,-1,-1,-1,Walking
104,4,1411.20872877189,322.890126198281,170.8721849436183,444.62810534933345,1,-1,-1,-1,Walking
105,4,1411.1702331442516,322.3080708915918,171.0697465152334,444.7998370044157,1,-1,-1,-1,Walking
106,4,1415.2481726992344,322.5593397751961,170.7501251863965,443.8802599000158,1,-1,-1,-1,Walking
107,4,1416.8431802316543,322.70683741358425,170.55279045704438,443.4452192520507,1,-1,-1,-1,Walking
108,4,1413.5170909463013,322.77182699091566,170.57581353056636,443.18964694377587,1,-1,-1,-1,Walking
109,4,1416.3609216051034,323.19636252890984,170.175711335194,442.29260064725696,1,-1,-1,-1,Walking
110,4,1417.7078103020278,323.5905164962925,169.87207597621907,441.4130429054892,1,-1,-1,-1,Walking
111,4,1418.335017183763,323.4323665327246,169.76085791408784,441.545083606554,1,-1,-1,-1,Walking
112,4,1418.6922411686473,323.60312023460153,169.51692570035985,441.41494507338444,1,-1,-1,-1,Walking
113,4,1418.7810899060814,323.1134800306221,169.48146208051827,441.7679682241153,1,-1,-1,-1,Walking
114,4,1419.5252562684668,324.9308312403042,167.6842383533107,438.15990031270326,1,-1,-1,-1,Walking
115,4,1420.3798502094244,326.47270979973183,166.26911514081561,435.34549582325246,1,-1,-1,-1,Walking
116,4,1420.8104183481175,326.6550513993436,165.59018030380614,434.8177173262009,1,-1,-1,-1,Walking
117,4,1421.3860341582417,327.0367020677818,164.90513710686935,434.12335190396146,1,-1,-1,-1,Walking
118,4,1421.244431318555,326.86175962918173,164.6506149083318,434.5888661117249,1,-1,-1,-1,Walking
119,4,1421.2672583155538,326.56174232354215,164.2057694792256,434.9406431669724,1,-1,-1,-1,Walking
120,4,1421.4249151427812,326.43308779888594,163.68195899294383,435.26094293080536,1,-1,-1,-1,Walking
121,4,1421.7923361071614,326.06464766826184,163.47879610285747,435.9066966013971,1,-1,-1,-1,Walking
122,4,1421.944028148983,325.9105998308787,163.0897130726656,436.0338374720602,1,-1,-1,-1,Walking
123,4,1422.3719523313857,326.4707287152959,162.36813494138772,434.9078683319139,1,-1,-1,-1,Walking
124,4,1422.446765403087,326.34597970290804,161.93966813440764,434.90282133069906,1,-1,-1,-1,Walking
125,4,1422.71602303635,326.6497418804779,161.24188674032482,434.11831099940974,1,-1,-1,-1,Walking
126,4,1422.8073604437698,326.47169830445677,160.73721560802954,434.12439612608057,1,-1,-1,-1,Walking
127,4,1422.7296464027497,325.6862458335876,161.1200927250758,435.7152904046413,1,-1,-1,-1,Walking
128,4,1418.7982333280788,325.1600331704631,160.70109733808312,436.6522533600024,1,-1,-1,-1,Walking
129,4,1417.3811859510315,325.09601874525254,159.9782830848533,437.03092287237564,1,-1,-1,-1,Walking
130,4,1417.0752727931174,324.80347386560766,159.5603678198369,437.91043294800323,1,-1,-1,-1,Walking
131,4,1416.7952549371971,323.7934412022208,159.72037326999393,439.4266295822264,1,-1,-1,-1,Walking
132,4,1416.972652270841,323.57152996114877,159.22378718762258,439.47681049732284,1,-1,-1,-1,Walking
133,4,1417.8690697509376,326.0557592208629,157.10058919471751,435.2511187004971,1,-1,-1,-1,Walking
134,4,1418.4611863593882,327.20556345985244,155.76872199000564,433.3318890852795,1,-1,-1,-1,Walking
135,4,1418.8238533836216,326.69497092933307,155.62677524821473,434.5101288638457,1,-1,-1,-1,Walking
136,4,1419.2017203314006,326.6297417593001,154.63746813196948,433.84097661344606,1,-1,-1,-1,Walking
137,4,1419.4487885037777,326.7098631910177,153.85075185668262,433.2759365647718,1,-1,-1,-1,Walking
138,4,1419.8510441551884,326.14893263236206,153.2456536377721,433.1457841980911,1,-1,-1,-1,Walking
139,4,1420.0315283547743,326.72082499137093,152.57821579403142,432.07621825924736,1,-1,-1,-1,Walking
140,4,1415.7574798421626,326.38219587656783,152.46844254291472,432.76506921030995,1,-1,-1,-1,Walking
141,4,1418.534422681774,326.76828731344125,152.04650218175766,432.08018819224515,1,-1,-1,-1,Walking
142,4,1419.4470464212757,326.8959236528692,152.2171260280337,432.2431687562227,1,-1,-1,-1,Walking
143,4,1420.0442216403555,327.679492446793,151.87911210850461,430.94733739362385,1,-1,-1,-1,Walking
144,4,1419.6822703780117,326.6849842347474,152.8713616595381,432.9736718966287,1,-1,-1,-1,Walking
145,4,1419.6960887162286,326.52948829431546,153.06378544737848,433.1114560703618,1,-1,-1,-1,Walking
146,4,1419.7863659686423,327.1665483158284,152.89726350761353,431.8693037184763,1,-1,-1,-1,Walking
147,4,1419.3012706420102,326.5333913617375,153.71282856942173,432.95596182924237,1,-1,-1,-1,Walking
148,4,1418.7089460302195,325.1810172587569,155.06386957527312,435.25518766846375,1,-1,-1,-1,Walking
149,4,1414.6078415138818,324.88484445989354,154.90374663514444,435.33376152079126,1,-1,-1,-1,Walking
150,4,1413.511531401532,325.7707061028294,153.9586638058602,433.7152518637425,1,-1,-1,-1,Walking
151,4,1413.0571593164611,325.2116243565521,153.7600896717775,434.5204784448725,1,-1,-1,-1,Walking
152,4,1412.614690289802,322.81453767970925,152.80347066782082,433.65256568964605,1,-1,-1,-1,Walking
153,4,1408.5860686510873,321.167757118693,152.36349809659873,434.60733732975956,1,-1,-1,-1,Walking
154,4,1407.442396791295,321.19887508896437,151.51224030813876,433.5698567093842,1,-1,-1,-1,Walking
155,4,1406.964622882817,321.3462586330361,151.03470023019722,432.96697523529923,1,-1,-1,-1,Walking
156,4,1406.4675929837658,320.1339709771052,151.4606090334566,434.919463032555,1,-1,-1,-1,Walking
157,4,1405.7894615572623,319.2078772242361,152.24479803446226,437.0306856396917,1,-1,-1,-1,Walking
158,4,1404.7667120156289,320.64012912233693,153.34822695532537,440.07074874439445,1,-1,-1,-1,Walking
159,4,1399.23863851487,319.52054041064713,154.9726410196569,446.1319759389586,1,-1,-1,-1,Walking
160,4,1393.309187807421,318.74855161030314,155.09635735325745,448.62903081103855,1,-1,-1,-1,Walking
161,4,1385.7129609666506,315.53689796095716,156.78795813333153,455.9530199522938,1,-1,-1,-1,Walking
162,4,1378.4403644801637,315.7247026696432,156.88509612370316,455.8288099797166,1,-1,-1,-1,Walking
163,4,1374.976671166906,315.21547129351575,157.37647083025357,456.6709233235481,1,-1,-1,-1,Walking
164,4,1367.614668893201,313.43158579394265,160.23567637295028,461.6584009956866,1,-1,-1,-1,Walking
165,4,1359.9342506028538,312.35277012112147,162.0798589106048,463.25459389774096,1,-1,-1,-1,Walking
166,4,1352.3556666156596,310.4616296535846,163.8593961109357,465.903575983089,1,-1,-1,-1,Walking
167,4,1343.7138532840786,306.7811233344406,167.1030895738572,472.2223894141188,1,-1,-1,-1,Walking
168,4,1334.6185057631737,299.8393985661656,170.9444295216489,479.63367353197793,1,-1,-1,-1,Walking
169,4,1330.710332174937,297.76088118160624,172.45686923147974,481.1155770300515,1,-1,-1,-1,Walking
170,4,1319.6384104150034,293.9034758231958,175.22084889915985,486.5428139854225,1,-1,-1,-1,Walking
171,4,1315.9107504078934,293.80833118061094,174.81399277062084,486.1192135981583,1,-1,-1,-1,Walking
172,4,1311.217853042595,294.6586321294644,173.22364183961082,484.9590603310328,1,-1,-1,-1,Walking
179,4,1207.3861328792796,270.9969649032088,187.32328047080904,519.0496144052233,1,-1,-1,-1,Walking
180,4,1190.8562902950855,271.34711255162426,190.07414483580405,524.811753005717,1,-1,-1,-1,Walking
181,4,1183.7501009593032,270.16731749421666,193.14373249653877,529.9399847754056,1,-1,-1,-1,Walking
182,4,1167.2475196319776,269.4209557752838,195.39370417572638,533.6094771496391,1,-1,-1,-1,Walking
183,4,1144.1365992978663,263.908341733397,202.41000614145509,545.1888683582946,1,-1,-1,-1,Walking
184,4,1129.8647761880238,264.7077162154509,207.60897873673275,551.7268374059336,1,-1,-1,-1,Walking
185,4,1113.8459437206777,262.4758704653239,212.2787137656304,559.7079401194477,1,-1,-1,-1,Walking
186,4,1098.2080699332912,256.7363224695618,215.63877404160525,565.0431149394195,1,-1,-1,-1,Walking
187,4,1087.0973401323072,252.1629241160084,218.77117977759536,571.3485720679562,1,-1,-1,-1,Walking
188,4,1073.0149969160145,248.85471579919465,221.44925573894145,575.9899090054648,1,-1,-1,-1,Walking
189,4,1053.2285261698632,246.15101527944745,224.57444407209945,579.7367555058587,1,-1,-1,-1,Walking
190,4,1036.1837121713843,244.22589867935937,227.16140737781927,583.073339161688,1,-1,-1,-1,Walking
191,4,1010.3369976494055,238.20240539674063,231.1233424559646,587.7580728228428,1,-1,-1,-1,Walking
192,4,989.6260239883826,236.3338735203527,236.30535092505514,596.7078336285794,1,-1,-1,-1,Walking
193,4,971.3565931957238,232.50267091385643,242.08262488954023,606.7652654940763,1,-1,-1,-1,Walking
194,4,949.7246169096279,224.2175326879692,246.9146043954348,615.9613007057308,1,-1,-1,-1,Walking
195,4,930.867459622672,216.97093012908033,251.46990137891729,626.5205051301734,1,-1,-1,-1,Walking
196,4,914.6828680627654,212.4396796546934,254.52741430219814,634.1148780224663,1,-1,-1,-1,Walking
197,4,896.0561968065781,207.8402760747353,253.89559004508965,634.06218991406,1,-1,-1,-1,Walking
198,4,878.3134312402259,205.79309576629203,256.80261326892304,642.8427425051493,1,-1,-1,-1,Walking
199,4,864.725108487102,203.78117578463934,263.17707033722655,658.0220322224325,1,-1,-1,-1,Walking
200,4,840.0000135972489,199.92675234943033,269.6382640862216,671.3888599142645,1,-1,-1,-1,Walking
201,4,815.9697884314364,200.62053593475912,274.5650981820413,680.1058332740254,1,-1,-1,-1,Walking
202,4,801.5439246161011,200.2362744819772,278.27493462367863,684.6391495680119,1,-1,-1,-1,Walking
203,4,777.5800275809929,193.8174288620051,281.0523430873861,690.1423592764694,1,-1,-1,-1,Walking
204,4,748.7942505450214,181.47019657226713,284.9445304908619,703.7573617097783,1,-1,-1,-1,Walking
205,4,730.5332893246411,178.72726267591014,283.1931575749066,704.3899087107833,1,-1,-1,-1,Walking
206,4,698.7942060591839,172.15519311492943,286.37719826110197,715.8212351469095,1,-1,-1,-1,Walking
207,4,663.3634463005177,168.03754455898707,290.1388286570304,723.068612556493,1,-1,-1,-1,Walking
208,4,645.3145810056792,165.86731521689984,292.55623507747777,727.1565518293932,1,-1,-1,-1,Walking
209,4,613.8221385431015,161.58966684605792,297.9246516769934,735.132014512426,1,-1,-1,-1,Walking
210,4,585.0457952788656,159.78902877947615,297.6693390383152,730.4160757014998,1,-1,-1,-1,Walking
211,4,565.0380910607831,157.76453234232923,298.6110051194682,730.6447220537553,1,-1,-1,-1,Walking
212,4,533.750320957705,151.95142602693176,300.81119256099123,740.3784625505326,1,-1,-1,-1,Walking
213,4,499.5197395751562,141.8339365884408,301.06097688120263,750.4061533638874,1,-1,-1,-1,Walking
214,4,479.1945554146057,138.10967076226962,298.67208094236474,755.2681603762837,1,-1,-1,-1,Walking
215,4,448.26294806807545,137.36690030347506,299.3167260127851,763.6215836466254,1,-1,-1,-1,Walking
216,4,414.2717506837714,139.6188440526774,299.5748662183931,762.4698237073325,1,-1,-1,-1,Walking
217,4,392.5664938051767,141.48315720667256,300.3222120050885,760.8604710023144,1,-1,-1,-1,Walking
218,4,362.4547276931845,142.74666599096105,299.74127910450187,759.2509653551791,1,-1,-1,-1,Walking
219,4,328.00618353389893,140.63601204925175,300.7443201552292,763.9476605605204,1,-1,-1,-1,Walking
220,4,301.95886894637795,138.855531051029,300.51993833293835,767.1430516667305,1,-1,-1,-1,Walking
221,4,270.46524655681105,133.26003785182382,299.3561342406877,769.4217682099503,1,-1,-1,-1,Walking
222,4,234.72236423026442,127.19241509215959,301.3720141194733,777.9918729840962,1,-1,-1,-1,Walking
223,4,208.0452385213624,124.86496054287187,302.30118772492114,781.6618668030907,1,-1,-1,-1,Walking
224,4,174.6008545444969,122.88200102567419,304.855013350924,785.3720179815177,1,-1,-1,-1,Walking
225,4,144.32795276666045,122.62802181357262,305.6226223078142,785.399765114884,1,-1,-1,-1,Walking
226,4,125.21977776286491,128.74425030921117,304.48836733900896,781.2813331922454,1,-1,-1,-1,Walking
227,4,97.46109633769825,124.87502903249276,300.3244346499036,774.0305901781624,1,-1,-1,-1,Walking
228,4,65.04909093326151,121.74453966226378,297.2891802806342,774.3319971695684,1,-1,-1,-1,Walking
229,4,41.325103014472205,125.09509455076136,293.18884498826935,774.4467241010345,1,-1,-1,-1,Walking
230,4,17.28754588608379,127.31373886792488,286.17353345654897,763.8167350245516,1,-1,-1,-1,Walking
231,4,-12.685901054353224,131.07535764314315,281.02140067981685,754.7772574998559,1,-1,-1,-1,Walking
232,4,-33.46727058089087,133.48466094486503,281.13194424576744,757.7093060099967,1,-1,-1,-1,Walking
233,4,-44.21083751976374,128.9629033599959,280.09182479679987,760.4221617389276,1,-1,-1,-1,Walking
234,4,-57.78726164292543,131.49300574088704,272.5759722590722,753.1422096197904,1,-1,-1,-1,Walking
1,7,1586.792236328125,427.3665771484375,63.505615234375,164.7264404296875,1,-1,-1,-1,Walking
2,7,1591.3220213084094,427.88748194166453,62.598218528907076,162.41465065696022,1,-1,-1,-1,Walking
3,7,1592.3640966573846,428.780972269862,61.87867592242214,160.55185187095816,1,-1,-1,-1,Walking
4,7,1593.6933858189986,431.0461339131906,60.337230172736255,156.43770457280456,1,-1,-1,-1,Walking
5,7,1594.588331449519,432.1942032430049,59.59107784717106,154.2385265442622,1,-1,-1,-1,Walking
6,7,1595.3957052243356,432.63737558887857,59.30392389662117,153.16403442268015,1,-1,-1,-1,Walking
7,7,1595.9539728839536,432.66752616147863,59.30828951727247,152.76217378613424,1,-1,-1,-1,Walking
8,7,1599.366882535117,432.4095339740003,59.251875856807075,152.54604187389674,1,-1,-1,-1,Walking
9,7,1600.5453613397865,432.49279146855457,59.2986541542807,152.58971172595724,1,-1,-1,-1,Walking
10,7,1601.75825973067,432.8560831011971,58.55297576366555,150.82747987106708,1,-1,-1,-1,Walking
11,7,1602.188746589405,433.36950247056956,58.37944550091384,150.19447177970778,1,-1,-1,-1,Walking
12,7,1602.4467594900163,434.1366138558548,58.03105977706067,149.19979228928503,1,-1,-1,-1,Walking
13,7,1602.6659823097343,435.0788229055631,57.51709392925837,147.70560747022463,1,-1,-1,-1,Walking
17,7,1551.4811869299895,418.30528011329926,60.43737286572436,155.6999844397967,1,-1,-1,-1,Walking
18,7,1549.1121427700677,416.75022105016484,60.49836509909777,156.83687430296848,1,-1,-1,-1,Walking
19,7,1548.2495795370064,413.71289446155214,61.4301137519334,160.33519660943378,1,-1,-1,-1,Walking
22,7,1550.934405750753,417.29337108690885,58.31670427714072,152.70826935212366,1,-1,-1,-1,Walking
23,7,1554.7029247616679,416.44474096967457,59.39728325305934,155.94344830347043,1,-1,-1,-1,Walking
24,7,1556.3189379065009,416.75164001657515,59.30352985329803,155.7742493250825,1,-1,-1,-1,Walking
25,7,1556.995989588128,415.5736697456085,60.00131321873527,157.6205529622173,1,-1,-1,-1,Walking
26,7,1557.9888366376042,415.5277652977782,60.254339583549125,157.94329198584117,1,-1,-1,-1,Walking
27,7,1558.7345837933747,415.596159437462,60.28351550846237,157.83862967029097,1,-1,-1,-1,Walking
28,7,1559.6367572314591,416.11994875515336,59.724374352211335,156.38734690304744,1,-1,-1,-1,Walking
29,7,1562.9260143093197,416.04831179687574,59.6061077021589,156.33627231691148,1,-1,-1,-1,Walking
30,7,1563.5819944409336,414.7440697763563,60.729408641994,159.60813126568985,1,-1,-1,-1,Walking
